
function f = objf(xin)
	c  = [5.04 ; -59.4 ; 146.4 ; -96.6] ;
	H  = [0.16, -1.2, 2.4, -1.4; -1.2, 12.0, -27.0, 16.8; 2.4, -27.0, 64.8, -42.0; -1.4, 16.8, -42.0, 28.0];

	f = c'*xin + 0.5*xin'*H*xin ;
end
